2026-07-06 21 33 39 54 OD:58
2026-07-07 21 33 34 39
2026-07-08 11 15 21 33 34 39 45
2026-07-09 33 34 39 52
2026-07-10 26 33 39
2026-07-11 11 33 39
2026-07-14 3 6 10 18 33 39
2026-07-15 11 29 33 39 52 46
2026-07-01 1 8 21 39 45 46 50
2026-07-02 37 39 45 52 53
2026-07-03 6 17 38 39 45 51
2026-07-16 14 29 39 33
2026-07-17 4 7 12 23 29 33 39 44
2026-07-21 1 6 8 20 39
2026-07-22 1 30 33 39
2026-07-23 22 33 42 36 39
2026-07-24 27 33 39 41
2026-07-25 9 27 39 43 45 OD:46 53
2026-07-27 4 14 22 39 43
2026-07-28 36 39
2026-07-29 39 49 54
2026-07-31 8 11 19 38 39 54
2026-08-03 34 39 49 52 54
2026-08-04 30 38 39 46 48
2026-08-05 14 26 32 35 39
2026-08-06 32 39 41
2026-08-07 21 33 34 39
2026-08-08 12 14 27 37 39 50 52
