2026-06-01 1 4 6 11 12 14 15 21 25 29 34 36 48 49 56
2026-06-02 2 4 6 7 11 21 26 38 54 55 56
2026-06-03 2 3 4 6 7 9 11 15 21 26 38 54 55 56
2026-06-04 4 6 11 12 13 19 20 22 15 56 OD:21
2026-06-05 4 5 6 12 13 21
2026-06-08 1 10 14 32 39 53
2026-06-09 56
2026-06-10 34
2026-06-11 1 3 8 20 21 26 38 OD:10 11 13 15 37 53 56
2026-06-12 1 46 OD:5 10 11 13 15 16 17 18 19 23 26 28 30 33 37 42 44 45 53 54 56
2026-06-13 1 2 3 4 6 7 9 11 12 15 21 22 27 38 46 47 48 53 55 56 OD:5 17 18 19 23 26 28 30 31 33 42 44
2026-06-15 1 OD:10 13 11 15 29 30 35 37 40 44 53 54 56
2026-06-16 8 OD:10 11 13 15 16 22 37 53 56
2026-06-17 8 21 25 34 OD:10 11 13 15 30 37 40 53 54 56
2026-06-18 14 26 OD:10 13 15 18 27 29 30 35 37 40 42 45 53 54 56
2026-06-19 4 9 12 14 26 30 OD:5 10 11 13 15 18 27 29 35 37 42 45 53 54 56
2026-06-22 14 25 43 OD:6 10 11 13 17 37 53 56 15
2026-06-23 OD:10 11 13 15 17 37 53 56
2026-06-24 17 28 47 OD:10 11 13 15 25 31 37 53 56
2026-06-25 7 17 28 30 34 OD:1 10 13 15 25 37 53
2026-06-26 8 10 21 28 34 43 47 48 53 56 OD:1 13 15 25 37
2026-06-27 3 6 10 14 15 21 28 30 34 47 48 53 55 56 OD:1 25
2026-06-29 29 42 45 OD:1 10 11 13 15 25 37 53 56
2026-06-30 15 56 OD:1 10 13 37 53
2026-07-01 2 3 4 7 8 9 11 12 21 22 24 25 38 44 46 47 51 55 56 OD:1 10 13 30 37 53
2026-07-02 1 6 20 21 48 38
2026-07-03 1 21 48
2026-07-06 1 3 6 8 11 12 21 26 29 30 49
2026-07-07
2026-07-08 11 48 55
2026-07-09 5 11 26 48
2026-07-10 1 8 14 20 25 26 30 48 56
2026-07-11
2026-07-13 5 8 9 19 26 32 56 OD:30
2026-07-14 13 38 OD:1
2026-07-15 5 11 29 43
2026-07-16 11 14 43
2026-07-17 2 14 35 46
2026-07-20 25 28 29 32 35 39 42 43 45 52
2026-07-21 14 18 32 39 43 46 52 54
2026-07-22 3 13 19 24 32 43 47 OD:1 5 15 17 18 20 26 28 30 31 42 44
2026-07-23 3 4 8 11 12 21 27 31 34 41 48 50 56 OD:1 13 15 30
2026-07-24 3 7 25 27 38 56 OD:1 10 13 15 30 37 53
2026-07-25 2 8 26 56 OD:1 10 15
2026-07-27 2 19 56 OD:1 54
2026-07-28 1 5 38 56 OD:15 30 54
2026-07-29 11 16  25 56 OD:1 23 15 54
2026-07-30 8 13 56 OD:1 15 25 54
2026-07-31 8 11 22 46 56 OD:1 15 25 35 54
