2026-07-01 7 10 13 23 26 32 OD:4 25
2026-07-01 10 13 23 26 32 55 OD:4 25
2026-07-02 1 13 14 23 24 26 28 32 37 38 58 63 OD:4 25
2026-07-02 13 14 23 24 26 28 32 63 OD:4 5 25
2026-07-03 6 7 13 16 20 26 43 58 OD:4 5 10 11 24 25 45 60
2026-07-08 6 24 27 28 35 42 49 63 64
2026-07-08 6 24 27 28 35 42 49 63 64
2026-07-09 4 7 16 35 36 45 49 63
2026-07-09 2 7 13 15 16 18 25 27 33 35 36 37 39 42 44 50 54 63 OD:10
2026-07-10 16 17 35 63
2026-07-15 22 34 38 41
2026-07-15 7  22  34 38 41 OD:20 26
2026-07-16 7 11 37 40 OD:1 6 23 34 47 59 60
2026-07-16 2 7 11 13 16 20 40 OD:1 6 10 23 34 47 59 60
2026-07-17 16 17 21 26 40 43 57 59 OD:1 6 20 23 34 47
2026-07-22 7 36 42 OD:1 2 6 9 11 13 16 22 23 24 27 31 34 35 39 40 47 49 53 56 59 60
2026-07-22 7 36 42 OD:1 2 6 9 10 11 13 16 22 23 24 27 31 34 35 39 40 47 49 53 56 59 60
2026-07-23 4 6 17 19 37 48 49 52 58 63 OD:1 2 9 10 11 13 16 20 24 26 27 34 35 36 39 40 42 53 56
2026-07-23 43 54 OD:1 2 3 4 5 6 9  11 13 14 15 16 17 20 21 22 24 26 27 29 30 34 35 36 37 39 40 41 42 44 45 46 48 49 52 53 56 57 58 61 62 63
2026-07-24 5 27 34 36 49 55 56 OD:39 53
