2026-07-02 1 11 37 39 45 52 53
2026-07-02 17 37 39 45 52 53
2026-07-03 3 5 13 16 17 23 33 34 38 39 42 45 51
2026-07-07 21 34 39
2026-07-07 21 34 39 OD:24 37
2026-07-09 33 34 39 52
2026-07-09 33 34 39 52 OD:37
2026-07-10 1 2 8 11 16 26 33 38 39 45 51 52 54
2026-07-14 4 6 10 18 33 39
2026-07-14 4 6 10 18 33 39
2026-07-16 14 29 33 39 OD:6 9 13 17 19 22 24 26 27 36 41 42 43 45 46 47 52 53 54 56 58
2026-07-16 14 29 33 39 OD:6 9 13 17 19 22 24 26 27 36 41 42 43 45 46 47 52 53 54 56 58
2026-07-17 4  7 12 14 15 16 23 25 29 33 35 39 44 OD:6 9 13 17 19 22 24  26 27 36 41 42 43  45 46 47 52 53 54 56 58
2026-07-23 22 33 36 39 42 OD:10 15 21 23 28 55
2026-07-23 17 22 24 26 29 33 36 39 40 42 47 OD:10 15 21 23 28 55
2026-07-24 27 33 38 39 54
